Dissimilarity: [0.71278297 1.05797012 0.89505413 1.13274227 1.4555     1.53571429
 1.6641875  1.62994457 1.69772612 1.75943028 1.8379065  1.82537721]
Correlation: [0.97669612 0.95584326 0.9640373  0.94633765 0.91981856 0.91511583
 0.89448558 0.89779985 0.89206227 0.88544114 0.87680261 0.87748898]
Contrast: [1.17513533 2.21365243 1.8101624  2.69055738 4.015375   4.22228521
 5.2703125  5.08660872 5.36502795 5.60711498 6.11293191 6.01203174]
Energy: [0.13037324 0.10987824 0.11952038 0.10764038 0.09562304 0.09276386
 0.09040442 0.09130715 0.08935496 0.08814385 0.08611306 0.08638886]
Homogeneity: [0.68662651 0.57597603 0.63256243 0.56407009 0.48376213 0.46067277
 0.44794893 0.45398083 0.43940775 0.42557034 0.41367791 0.41435995]
ASM: [0.01699718 0.01207323 0.01428512 0.01158645 0.00914377 0.00860513
 0.00817296 0.008337   0.00798431 0.00776934 0.00741546 0.00746303]
